0: 
1: 
2: 
3: 
4: 
5: 
6: 
7: 
8: 
9: 
10: 
11: 
12: 
13: 
14: 
15: 
16: 17,92
17: 16,18
18: 22,17
19: 473,20
20: 473,19
21: 
22: 18
23: 29,28,24,97
24: 25,96,23,29,97
25: 24,26,29
26: 25,29
27: 462,210,206
28: 23,29
29: 23,28,26,24,25
30: 31,36,35
31: 30,32,36
32: 31,36,33
33: 34,32,36
34: 33,36,35
35: 30,36,34
36: 30,31,32,35,33,34
37: 
38: 
39: 40,45,44
40: 39,45,41
41: 42,40,45
42: 43,45,41
43: 44,42,45
44: 43,39,45
45: 39,40,43,44,42,41
46: 51,52,47
47: 48,46,52
48: 47,52,49
49: 48,50,52
50: 51,52,49
51: 46,50,52
52: 46,50,51,47,48,49
53: 54,59,58
54: 53,59,55
55: 56,54,59
56: 55,59,57
57: 56,59,58
58: 53,59,57
59: 53,54,55,56,57,58
60: 9
61: 
62: 14
63: 
64: 69,70,65
65: 70,66,64
66: 67,70,65
67: 66,68,70
68: 69,70,67
69: 68,70,64
70: 68,69,66,67,64,65
71: 72,77,76
72: 71,73,77
73: 72,77,74
74: 75,73,77
75: 74,76,77
76: 71,77,75
77: 71,72,73,76,74,75
78: 
79: 
80: 86
81: 209,82,208
82: 209,81
83: 8,84,455,85
84: 86,455,8,83
85: 207,206,8,83,208
86: 84,455,80
87: 
88: 89
89: 88
90: 93,91,475
91: 93,90,475
92: 0,16
93: 90,91,475
94: 95,100,99
95: 94,96,100
96: 95,100,24,97
97: 98,24,96,100,23
98: 97,100,99
99: 94,100,98
100: 94,95,96,99,97,98
101: 
102: 103,108,107
103: 102,104,108
104: 103,108,105
105: 104,108,106
106: 107,108,105
107: 106,102,108
108: 102,103,104,106,107,105
109: 243,244,470,248
110: 
111: 
112: 113,474,118
113: 112,13,114,474,118
114: 13,474,113
115: 
116: 474,118
117: 
118: 13,474,116,112,113
119: 125,120,124
120: 121,125,119
121: 122,125,120
122: 121,125,123
123: 124,122,125
124: 123,125,119
125: 121,122,120,123,124,119
126: 
127: 128,133
128: 127,133
129: 338,444
130: 
131: 132,465,338
132: 465,131,338
133: 127,128
134: 2
135: 
136: 445
137: 
138: 7,476,151,145,150,143,448,142,144
139: 140,453
140: 139,453
141: 483
142: 143,448,144,151,138
143: 448,142,144,151,138,147
144: 143,448,142,145,476,138
145: 150,476,138,448,144
146: 
147: 149,151,148,143
148: 7,151,149,147
149: 147,148
150: 145,284,476,138
151: 7,138,148,143,448,142,147
152: 
153: 
154: 471
155: 160,161,156
156: 464,155,161
157: 457,158
158: 457,157
159: 160,161
160: 155,159,161
161: 155,159,160,156
162: 163,168,167
163: 162,168,164
164: 165,163,168
165: 164,166,168
166: 167,165,168
167: 166,162,168
168: 162,163,165,164,166,167
169: 
170: 171,175,176
171: 170,176,172
172: 171,176
173: 13
174: 175,176
175: 170,174,176
176: 170,171,174,175,172
177: 182,183,178
178: 183,179,177
179: 180,183,178
180: 181,183,179
181: 180,183,182
182: 177,181,183
183: 180,181,179,177,182,178
184: 185,189
185: 186,184
186: 185
187: 188,190,485
188: 187,190,485
189: 184,190
190: 187,188,485,189
191: 196,197,192
192: 191,197,193
193: 194,197,192
194: 195,197,193
195: 194,196,197
196: 195,197,191
197: 194,195,196,191,192,193
198: 
199: 200,204
200: 201,204,199
201: 200,204,202
202: 203,201,204
203: 202,204
204: 200,201,199,202,203
205: 
206: 85,207,210,462,27,211
207: 85,206,208
208: 85,207,81
209: 82,81
210: 462,27,211,206
211: 210,206
212: 
213: 214,219
214: 213,215,219
215: 216,219,214
216: 215,219
217: 460,419,418
218: 419,460,260
219: 215,216,213,214
220: 222,226,487,225,221,451
221: 222,220,487
222: 220,487,221
223: 5,482
224: 225,226,451
225: 224,226,220,451
226: 220,487,225,224,451
227: 228,233,232
228: 227,229,233
229: 228,233,230
230: 231,229,233
231: 232,230,233
232: 231,227,233
233: 227,228,229,230,231,232
234: 
235: 236,241,240
236: 235,237,241
237: 236,241,238
238: 239,237,241
239: 238,240,241
240: 239,235,241
241: 235,236,237,239,238,240
242: 480,459,247,244,245,248
243: 109,247,244,470,248
244: 242,480,459,247,470,248,109,243
245: 242,480,247
246: 454
247: 242,480,459,244,245,470,248,243
248: 6,470,242,459,247,244,109,243
249: 254,255,250
250: 251,249,255
251: 250,255,252
252: 253,255,251
253: 254,255,252
254: 249,253,255
255: 249,253,254,250,251,252
256: 261,257,262
257: 258,262,256
258: 257,259,262
259: 258,262
260: 3,218
261: 256,262
262: 257,258,259,256,261
263: 264,269,268
264: 263,265,269
265: 264,269,266
266: 267,265,269
267: 266,268,269
268: 267,263,269
269: 263,264,265,266,267,268
270: 271
271: 4,270
272: 276,273
273: 274,276,272
274: 273,275,276
275: 276,274
276: 275,272,273,274
277: 278,282,283
278: 279,277,283
279: 278,280,283
280: 281,283,279
281: 280,282,283
282: 281,283,277
283: 280,281,282,277,278,279
284: 7,476,150
285: 
286: 287,292,291
287: 286,292,288
288: 289,287,292
289: 288,290,292
290: 289,292,291
291: 286,292,290
292: 286,287,291,288,289,290
293: 446
294: 
295: 
296: 301,297,302
297: 298,296,302
298: 297,299,302
299: 300,302,298
300: 299,302,301
301: 296,300,302
302: 299,300,296,301,297,298
303: 
304: 309,305
305: 439,304
306: 310,307,441
307: 310,441,306
308: 439,484
309: 304
310: 307,441,306
311: 
312: 472
313: 318,314,319
314: 315,319,313
315: 314,316,319
316: 315,319,317
317: 318,316,319
318: 317,319,313
319: 314,315,316,317,318,313
320: 
321: 
322: 327
323: 
324: 325,330,329
325: 324,330,326
326: 330,327,325
327: 330,326,328,322
328: 330,327,329
329: 330,328,324
330: 326,327,328,329,324,325
331: 336,337,332
332: 331,337,333
333: 334,337,332
334: 333,337,335
335: 336,337,334
336: 331,337,335
337: 331,336,335,332,333,334
338: 129,132,465,131
339: 344,345,340
340: 341,339,345
341: 342,340,345
342: 341,345,343
343: 342,344,345
344: 339,345,343
345: 339,344,340,341,342,343
346: 347,352,351
347: 346,348,352
348: 347,352,349
349: 350,348,352
350: 349,351,352
351: 350,346,352
352: 346,347,348,349,350,351
353: 
354: 355,359,360
355: 354,360,356
356: 355,357,360
357: 358,360,356
358: 357,359,360
359: 358,360,354
360: 357,358,359,354,355,356
361: 366,367,362
362: 363,361,367
363: 364,367,362
364: 363,365,367
365: 481,364,366,367
366: 361,367,365,481
367: 361,366,365,363,364,362
368: 371,467,373,369
369: 370,14,368,467,373
370: 369,371
371: 368,467,370
372: 374,14
373: 368,467,369,374
374: 372,467,373
375: 380,442,381
376: 11,450
377: 450
378: 379
379: 378
380: 442,381,375
381: 380,442,375
382: 383,387,388
383: 382,384,388
384: 385,388,383
385: 384,388,386
386: 387,385,388
387: 382,388,386
388: 384,385,382,383,387,386
389: 390,395,394
390: 389,391,395
391: 429,390
392: 429,393
393: 394,395,392
394: 393,389,395
395: 429,390,389,393,394
396: 
397: 
398: 
399: 
400: 405,406,401
401: 400,406,402
402: 401,406,403
403: 404,406,402
404: 403,405,406
405: 400,406,404
406: 400,405,401,402,403,404
407: 412,408,413
408: 413,407,409
409: 410,408,413
410: 409,411,413
411: 412,413,410
412: 407,411,413
413: 408,407,412,411,409,410
414: 415,418
415: 414,461,416
416: 415,461
417: 
418: 419,414,217,460
419: 418,217,460,420,218
420: 3,419,461
421: 
422: 423,427,428
423: 422,428,424
424: 425,428,423
425: 424,426,428
426: 427,428,425
427: 426,428,422
428: 426,427,424,425,422,423
429: 391,395,392
430: 9
431: 436,437,432
432: 433,431,437
433: 434,432,437
434: 433,437,435
435: 434,436,437
436: 431,437,435
437: 431,436,432,433,434,435
438: 
439: 308,484,305
440: 
441: 310,307,306
442: 380,381,375
443: 
444: 129
445: 136
446: 293
447: 
448: 143,142,144,145,476,151,138
449: 
450: 377,376
451: 225,224,226,220
452: 
453: 139,140
454: 246
455: 86,84,8,83
456: 
457: 158,157
458: 
459: 242,480,247,244,470,248
460: 217,419,418,218
461: 415,416,420
462: 8,27,210,206
463: 
464: 156,161
465: 132,131,338
466: 
467: 371,368,373,14,369,374
468: 
469: 
470: 6,248,459,247,244,109,243
471: 154
472: 312
473: 20,19
474: 13,114,118,116,112,113
475: 93,90,91
476: 7,284,138,145,150,448,144
477: 
478: 
479: 
480: 242,459,247,244,245
481: 365,366
482: 223
483: 141
484: 439,308
485: 187,188,190
486: 378
487: 222,226,220,221
488: 