0: 
1: 
2: 
3: 
4: 
5: 
6: 
7: 
8: 
9: 
10: 
11: 
12: 
13: 
14: 
15: 
16: 90,88
17: 58
18: 19,92
19: 92,18,22,20
20: 22,19,437,431
21: 437
22: 20,19
23: 86,97
24: 100,94,28,85,26,81
25: 95,97,8,99,354
26: 209,81,24,85
27: 210,206,135
28: 83,24,94
29: 98,97,80
30: 31,36,35
31: 30,32,36
32: 31,36,33
33: 34,32,36
34: 33,36,35
35: 30,36,34
36: 30,31,32,35,33,34
37: 142,146,295
38: 
39: 12,464,42,45,40
40: 45,12,155,39,464,44,43
41: 
42: 12,39,464
43: 44,155,464,40,159,160
44: 158,43,40
45: 40,12,39,464
46: 51,52,47
47: 48,46,52
48: 47,52,49
49: 48,50,52
50: 51,52,49
51: 46,50,52
52: 46,50,51,47,48,49
53: 54,59,449
54: 53,59,449
55: 473,56
56: 473,55
57: 90,169,443,478,58,0
58: 17,90,57
59: 53,54,449
60: 313,9,130
61: 
62: 14,369
63: 85,468,78,208
64: 69,70,65
65: 70,66,64
66: 67,70,65
67: 66,68,70
68: 69,70,67
69: 68,70,64
70: 68,69,66,67,64,65
71: 73,72,457,77
72: 73,457,77,71
73: 72,457,77,71
74: 
75: 466
76: 463
77: 73,72,457,71
78: 96,63,85
79: 419
80: 29
81: 209,26,24,82
82: 81
83: 28,94
84: 98
85: 63,96,78,24,26
86: 23
87: 93,436,91,434,435
88: 90,169,16,436
89: 91
90: 88,169,443,57,58,16
91: 93,436,87,89
92: 19,18,478,431
93: 91,87,435
94: 24,100,83,28
95: 25,8,100
96: 78,8,100,85
97: 29,98,23,99,25
98: 29,97,84,99
99: 354,135,98,97,25
100: 24,94,95,96
101: 
102: 103,108,107
103: 102,104,108,357
104: 103,108,105
105: 104,108,106
106: 107,108,105
107: 106,102,108
108: 102,103,104,106,107,105
109: 124,126,248
110: 
111: 136
112: 393,389,115
113: 114,393
114: 13,393,113
115: 112,389,392
116: 118,394
117: 176,171,118,394,391,488
118: 116,172,117,171,394
119: 122,450
120: 460
121: 477,122,125
122: 477,450,121,119,125
123: 244,245,243,124
124: 109,123,126
125: 477,122,121
126: 6,109,124,248
127: 133,256,128
128: 416,127,256,257
129: 338,132
130: 9,60,430
131: 417,420,215,216
132: 129,338
133: 127,256,338,417
134: 2
135: 99,354,27,206
136: 111,10
137: 
138: 284
139: 140,143
140: 139,143,383,146
141: 150,144,332
142: 37
143: 140,139,383,387
144: 150,141,332
145: 
146: 37,140,383
147: 148,333,382,149
148: 147,333
149: 147
150: 144,141
151: 333
152: 294
153: 
154: 156
155: 12,294,161,464,40,159,43
156: 154,294,161,157
157: 312,156,161,159
158: 44,160
159: 160,155,161,157,43
160: 159,158,43
161: 155,294,156,157,159
162: 442,163,168
163: 442,168,162
164: 9,205,430
165: 378,375,381,447,376
166: 381,167,447,376
167: 381,447,166
168: 442,163,162
169: 90,88,443,57,436
170: 173,172,175,171,174
171: 117,176,174,172,170,118
172: 170,118,171
173: 170,175
174: 176,171,170,175,13
175: 173,170,174
176: 117,171,174,390,13,391
177: 182,183,178
178: 183,179,177
179: 180,183,178
180: 181,183,179
181: 180,183,182
182: 177,181,183
183: 180,181,179,177,182,178
184: 485
185: 186
186: 185
187: 189,4
188: 190,189,275
189: 187,188,4
190: 188
191: 242,470,246,247
192: 197,193
193: 194,197,192
194: 195,197,193
195: 194,196,197
196: 195,197
197: 194,195,196,192,193
198: 402,200
199: 202
200: 201,198
201: 200,203
202: 199,204
203: 201
204: 202
205: 164
206: 210,27,135,311
207: 212,211,355,468
208: 212,63,468
209: 26,81
210: 27,206
211: 355,207
212: 207,468,208
213: 219,261,218,214
214: 262,218,213,303
215: 420,131,216
216: 218,215,131,417
217: 258,260
218: 216,213,261,303,214
219: 213,261
220: 225,221
221: 220,222
222: 226,221
223: 421,289
224: 
225: 220,365
226: 222,289,421
227: 228,233,232
228: 227,229,233
229: 228,233
230: 454
231: 232,233
232: 231,227,233
233: 227,228,229,231,232
234: 
235: 236,241,240
236: 235,237,241
237: 236,241,238
238: 239,237,241
239: 238,240,241
240: 239,235,241
241: 235,236,237,239,238,240
242: 470,191
243: 246,245,123,247
244: 245,123
245: 244,123,243
246: 243,470,191,247
247: 6,470,191,246,243
248: 126,109
249: 254,255,250
250: 251,249,255
251: 250,255,252
252: 253,255,251
253: 254,255,252
254: 249,253,255
255: 249,253,254,250,251,252
256: 127,133,3,128,257
257: 258,256,3,128
258: 257,217
259: 262
260: 217
261: 213,219,218
262: 214,259
263: 264,269,268
264: 263,265,269
265: 264,269,266
266: 267,265,269
267: 266,268,269
268: 267,263,269
269: 263,264,265,266,267,268
270: 275
271: 4,276,273
272: 
273: 4,276,271
274: 275
275: 270,274,188
276: 273,271
277: 282,283
278: 458,279
279: 458,278
280: 281,283
281: 280,282,283
282: 281,283,277
283: 280,281,282,277
284: 138
285: 
286: 292,451,291
287: 292
288: 5,290
289: 226,223,290
290: 289,288
291: 286,292
292: 286,287,291
293: 374,14,372,373
294: 12,155,161,152,156
295: 383,384,385,37
296: 301,297,302
297: 298,296,302
298: 297,299,302
299: 300,302,298
300: 299,302,301
301: 296,300,302
302: 299,300,296,301,297,298
303: 3,218,214
304: 309,376,305
305: 304
306: 11,310,307,375
307: 377,310,306
308: 379,380,378,375
309: 304,11,375
310: 11,306,307
311: 206,354,355
312: 157
313: 60,9
314: 315,481,316,319
315: 314,481,316,319
316: 315,314,481,319
317: 483,318
318: 483,317
319: 315,314,481,316
320: 
321: 
322: 327
323: 459
324: 325,330,329
325: 324,330,326
326: 330,327,325
327: 330,326,328,322
328: 330,327,329
329: 330,328,324
330: 326,327,328,329,324,325
331: 336,334
332: 144,141,387,384
333: 148,147,337,151,382
334: 388,331,336,337,7
335: 453
336: 337,331,334
337: 336,388,334,382,333
338: 417,129,132,133
339: 445,344,345
340: 341
341: 342,340
342: 341,343
343: 342
344: 445,345,339
345: 445,344,339
346: 347,352,351
347: 346,348,352
348: 347,352,349
349: 350,348,352
350: 349,351,352
351: 350,346,352
352: 346,347,348,349,350,351
353: 
354: 8,99,135,25,311
355: 211,311,207
356: 357,360
357: 358,360,356,103
358: 357,360,359
359: 358
360: 357,358,356
361: 366,367,362
362: 363,361,367
363: 364,367,362
364: 363,367
365: 225
366: 361,367
367: 361,366,363,364,362
368: 371
369: 14,62
370: 
371: 368
372: 14,293
373: 374,293
374: 293,373
375: 378,165,308,306,309
376: 304,165,447,166
377: 307
378: 165,375,308,380,381
379: 308
380: 308,378,381
381: 167,447,380,378,165,166
382: 388,386,337,147,333
383: 295,387,384,140,143,146
384: 295,383,387,7,332,465,386,385
385: 465,386,295,384
386: 388,382,7,465,384,385
387: 383,384,332,143
388: 334,382,386,337,7,465
389: 112,393,115,390,488,392
390: 176,13,429,391,488,392,389
391: 429,488,392,117,176,390,394
392: 429,391,488,390,389,115
393: 112,389,114,113
394: 118,116,117,391
395: 482
396: 455
397: 
398: 
399: 441
400: 452,406,405
401: 
402: 198,1
403: 404
404: 403
405: 452,406,400
406: 452,405,400
407: 412,408,413
408: 413,407,409
409: 410,408,413
410: 409,411,413
411: 412,413,410
412: 407,411,413
413: 408,407,412,411,409,410
414: 
415: 416
416: 128,415
417: 131,338,216,133
418: 
419: 79
420: 215,131
421: 223,226
422: 423
423: 422
424: 425,484
425: 484,424
426: 486,427,428
427: 486,426,428
428: 486,426,427
429: 391,488,392,390
430: 9,164,130
431: 432,20,92,478
432: 0,431,437,433
433: 434,0,432
434: 433,0,436,87
435: 93,87
436: 91,87,0,88,169,443,434
437: 21,20,432
438: 
439: 
440: 
441: 399
442: 163,168,162
443: 90,169,57,0,436
444: 
445: 344,345,339
446: 
447: 381,167,165,376,166
448: 
449: 53,54,59
450: 122,119
451: 286
452: 406,405,400
453: 335
454: 230
455: 396
456: 
457: 73,72,77,71
458: 278,279
459: 323
460: 120
461: 
462: 
463: 76
464: 12,155,39,42,45,40,43
465: 7,388,386,384,385
466: 75
467: 
468: 63,212,207,208
469: 
470: 242,191,246,247
471: 
472: 
473: 55,56
474: 
475: 
476: 
477: 122,121,125
478: 92,431,57
479: 
480: 
481: 315,314,316,319
482: 395
483: 317,318
484: 425,424
485: 184
486: 426,427,428
487: 
488: 429,391,392,117,390,389