0: 
1: 
2: 
3: 
4: 
5: 
6: 
7: 
8: 
9: 
10: 
11: 
12: 
13: 
14: 
15: 
16: 
17: 18
18: 17,19,90
19: 20,18
20: 0,19
21: 478
22: 
23: 455,98,86,29
24: 100,440,99,456
25: 95,96,468,100
26: 83,81,28,8,85,63
27: 210,206
28: 83,26,8,455,97
29: 8,84,23,455,97,98
30: 31,36,35
31: 30,32,36
32: 31,36,33
33: 34,32,36
34: 33,36,35
35: 30,36,34
36: 30,31,32,35,33,34
37: 448
38: 
39: 40,45,44
40: 39,45,41
41: 42,40,45
42: 43,45,41
43: 44,42,45
44: 43,39,45
45: 39,40,43,44,42,41
46: 51,52,47
47: 48,46,52
48: 47,52,49
49: 48,50,52
50: 51,52,49
51: 46,50,52
52: 46,50,51,47,48,49
53: 54,59,58
54: 53,59,55
55: 56,54,59
56: 55,59,57
57: 56,59,58
58: 53,59,57
59: 53,54,55,56,57,58
60: 9
61: 
62: 14,369
63: 85,207,81,26
64: 69,70,65
65: 70,66,64
66: 67,70,65
67: 66,68,70
68: 69,70,67
69: 68,70,64
70: 68,69,66,67,64,65
71: 72,77,76
72: 71,73,77
73: 72,77,74
74: 75,73,77
75: 74,76,77
76: 71,77,75
77: 71,72,73,76,74,75
78: 462
79: 461,256
80: 84
81: 83,26,63,209,82
82: 209,83,81
83: 81,26,28,82
84: 29,80
85: 207,63,8,206,26
86: 23
87: 169,92
88: 90,0,89,91
89: 93,91,88
90: 88,18
91: 93,89,0,88,169
92: 169,87,478
93: 89,91
94: 95,96,468,100,440,99
95: 94,96,468,100,25
96: 95,94,468,100,440,25,456
97: 455,98,8,29,28
98: 23,455,97,8,29
99: 94,100,440,24
100: 95,94,96,468,440,99,25,24
101: 
102: 103,108,107
103: 102,104,108,357
104: 103,108,105
105: 104,108,106
106: 107,108,105
107: 106,102,108
108: 102,103,104,106,107,105
109: 243,247,248
110: 
111: 136
112: 113,393
113: 112,393,114
114: 13,113
115: 394
116: 394,115
117: 474,118,394,13,393
118: 474,394,117,173
119: 125,120
120: 121,125,119
121: 122,125,120
122: 121,125
123: 454,124
124: 454,123
125: 121,122,120,119
126: 470
127: 128,459,133
128: 459,133,127
129: 131,215,132,216
130: 
131: 129,215,420,132
132: 338,131,129
133: 128,459,127
134: 2
135: 
136: 111,10
137: 
138: 150
139: 469,144,145,140,143
140: 146,143,139,145
141: 7,151
142: 146,383
143: 146,140,383,7,139,469
144: 150,139,469,145
145: 144,139,140
146: 140,142,383,143
147: 151,382,148,149
148: 147,149
149: 448,147,148
150: 144,138
151: 147,382,141,7
152: 154,463
153: 
154: 152,156,463,312
155: 161,479,159,160
156: 12,294,463,154,312,457,157,158
157: 312,457,158,294,156
158: 457,157,294,156
159: 161,479,155,160
160: 155,161,479,159
161: 479,159,155,160
162: 163,168,167
163: 162,168
164: 466
165: 381,376,447
166: 167,168
167: 166,162,168
168: 162,163,166,167
169: 87,92,0,91
170: 176,171,482,174,175
171: 176,482,170,174,175
172: 13
173: 118
174: 176,171,482,170,175
175: 176,171,482,170,174
176: 171,482,170,174,175
177: 182,183,178
178: 183,179,177
179: 180,183,178
180: 181,183,179
181: 180,183,182
182: 177,181,183
183: 180,181,179,177,182,178
184: 185,189
185: 186,184
186: 185
187: 188,190,4
188: 190,187,270
189: 184
190: 188,187
191: 196,197,192
192: 191,197,193
193: 194,197,192
194: 195,197,193
195: 194,196,197
196: 195,197,191
197: 194,195,196,191,192,193
198: 1
199: 202
200: 204
201: 204
202: 199
203: 458
204: 201,200
205: 450,430
206: 211,210,27,85,207
207: 85,63,206
208: 212
209: 82,81
210: 27,211,206
211: 206,210
212: 208
213: 215,460,214,218,477,259,219
214: 215,460,213,218,216,477,219
215: 420,460,214,213,131,129,216
216: 3,218,477,129,215,460,214
217: 257,3,465,262,415
218: 3,216,477,465,262,460,214,213,259,219
219: 259,460,214,213,418,218,477
220: 225,365,221
221: 222,220
222: 221,226
223: 226
224: 365,5
225: 220,365
226: 222,223
227: 228,233,232
228: 227,229,233
229: 228,233,230
230: 231,229,233
231: 232,230,233
232: 231,227,233
233: 227,228,229,230,231,232
234: 
235: 236,241,240
236: 235,237,241
237: 236,241,238
238: 239,237,241
239: 238,240,241
240: 239,235,241
241: 235,236,237,239,238,240
242: 6,246
243: 109,244,245,247
244: 245,243
245: 244,246,247,243
246: 245,242
247: 6,245,109,243,248
248: 247,109
249: 254,255,250
250: 251,249,255
251: 250,255,252
252: 253,255,251
253: 254,255,252
254: 249,253,255
255: 249,253,254,250,251,252
256: 461,79
257: 217,3,465,262,258,419
258: 259,3,477,465,262,257,419
259: 258,219,460,213,418,3,218,477,465,262
260: 419
261: 444,461
262: 3,218,477,465,460,258,259,257,217
263: 264,269,268
264: 263,265,269
265: 264,269,266
266: 267,265,269
267: 266,268,269
268: 267,263,269
269: 263,264,265,266,267,268
270: 188
271: 4,276
272: 273
273: 274,272
274: 273
275: 276,485
276: 4,271,275
277: 278,282,283
278: 279,277,283
279: 278,280,283
280: 281,283,279
281: 280,282,283
282: 281,283,277
283: 280,281,282,277,278,279
284: 
285: 
286: 292,291
287: 292
288: 451,289,290
289: 451,288,290
290: 451,288,289
291: 286,292
292: 286,287,291
293: 374,14,372,373
294: 12,156,463,457,157,158
295: 
296: 301,297,302
297: 298,296,302
298: 297,299,302
299: 300,302,298
300: 299,302,301
301: 296,300,302
302: 299,300,296,301,297,298
303: 
304: 309
305: 486
306: 310,486,441,11,307
307: 11,375,306,310,441
308: 484
309: 304
310: 306,486,441,11,307
311: 
312: 457,157,154,156
313: 318,314,319
314: 315,319,313
315: 314,316,319
316: 315,319,317
317: 318,316,319
318: 317,319,313
319: 314,315,316,317,318,313
320: 
321: 
322: 327
323: 
324: 325,330,329
325: 324,330,326
326: 330,327,325
327: 330,326,328,322
328: 330,327,329
329: 330,328,324
330: 326,327,328,329,324,325
331: 453,337,336
332: 483
333: 476,334
334: 476,333
335: 
336: 483,331,453,337
337: 331,453,336
338: 132,416
339: 344,345,340
340: 341,339,345
341: 342,340,345
342: 341,345,343
343: 342,344,345
344: 339,345,343
345: 339,344,340,341,342,343
346: 347,352,351
347: 346,348,352
348: 347,352,349
349: 350,348,352
350: 349,351,352
351: 350,346,352
352: 346,347,348,349,350,351
353: 
354: 480,355
355: 480,354
356: 357,360
357: 358,360,356,103
358: 357,360,359
359: 358
360: 357,358,356
361: 366,367,362
362: 363,361,367
363: 364,367,362
364: 363,367
365: 224,225,220,5
366: 361,367
367: 361,366,363,364,362
368: 371
369: 14,62
370: 
371: 368
372: 14,293
373: 374,293
374: 293,373
375: 11,307,379,377,441
376: 378,447,11,165
377: 375,379
378: 380,381,376,447,379
379: 375,377,378
380: 378,381
381: 378,380,447,165
382: 147,151,7,383
383: 146,142,143,7,382
384: 385,388
385: 384,388,386
386: 387,385,388
387: 388,386
388: 384,385,387,386
389: 390,395
390: 389,391,395
391: 429,390
392: 429
393: 112,113,117,13
394: 474,118,117,116,115
395: 429,390,389
396: 
397: 
398: 
399: 
400: 405,406,401
401: 400,406
402: 445
403: 404,406
404: 403,405,406
405: 400,406,404
406: 400,405,401,403,404
407: 412,408,413
408: 413,407,409
409: 410,408,413
410: 409,411,413
411: 412,413,410
412: 407,411,413
413: 408,407,412,411,409,410
414: 420
415: 416,217
416: 338,3,415
417: 
418: 259,219
419: 258,257,260
420: 215,414,131
421: 487
422: 423,427,428
423: 422,428,424
424: 425,428,423
425: 424,426,428
426: 427,428,425
427: 426,428,422
428: 426,427,424,425,422,423
429: 391,395,392
430: 205,9,450
431: 436,449,437
432: 433
433: 434,432
434: 433,435
435: 434
436: 449,437,431
437: 436,449,431
438: 
439: 
440: 94,96,468,100,99,24
441: 306,310,486,11,307,375
442: 
443: 
444: 261
445: 402
446: 
447: 378,381,376,165
448: 149,37
449: 436,437,431
450: 9,205,430
451: 288,289,290
452: 
453: 331,337,336
454: 124,123
455: 23,97,98,8,29,28
456: 96,24
457: 312,157,158,12,294,156,463
458: 203
459: 128,133,127
460: 215,214,213,3,218,216,477,262,259,219
461: 79,261,256
462: 78
463: 12,294,156,152,154,457
464: 
465: 3,218,477,262,258,259,257,217
466: 164
467: 
468: 95,94,96,100,440,25
469: 7,139,144,143
470: 126
471: 
472: 
473: 
474: 118,394,117,13
475: 
476: 333,334
477: 3,218,216,465,262,460,214,213,258,259,219
478: 21,92
479: 161,159,155,160
480: 355,354
481: 
482: 176,171,170,174,175
483: 332,336
484: 308
485: 275
486: 306,310,441,305
487: 421
488: 