0: 
1: 
2: 
3: 
4: 
5: 
6: 
7: 
8: 
9: 
10: 
11: 
12: 
13: 
14: 
15: 
16: 
17: 18
18: 17,19,90
19: 20,18
20: 0,19
21: 
22: 
23: 29,86,98
24: 99,456,440
25: 96,95,468
26: 83,28,455,81
27: 84,210,206
28: 83,26,97
29: 80,84,98,23
30: 31,36,35
31: 30,32,36
32: 31,36,33
33: 34,32,36
34: 33,36,35
35: 30,36,34
36: 30,31,32,35,33,34
37: 147,382,7,383
38: 
39: 40,45
40: 39,45,41
41: 42,40,45
42: 45,41
43: 471,44
44: 471,43
45: 39,40,42,41
46: 51,52,47
47: 48,46,52
48: 47,52,49
49: 48,50,52
50: 51,52,49
51: 46,50,52
52: 46,50,51,47,48,49
53: 54,59,58
54: 53,59,55
55: 56,54,59
56: 55,59,57
57: 56,59,58
58: 53,59,57
59: 53,54,55,56,57,58
60: 9
61: 
62: 14,369
63: 208,85,207,455
64: 69,70,65
65: 70,66,64
66: 67,70,65
67: 66,68,70
68: 69,70,67
69: 68,70,64
70: 68,69,66,67,64,65
71: 72,77,76
72: 71,73,77
73: 72,77,74
74: 75,73,77
75: 74,76,77
76: 71,77,75
77: 71,72,73,76,74,75
78: 212,462
79: 259,3,262,465,461,258,419
80: 29,84
81: 209,82,83,26,455
82: 209,81,83
83: 28,26,82,81
84: 27,80,29
85: 207,8,206,63
86: 23
87: 169,92
88: 90,0,89,91
89: 93,91,88
90: 88,18
91: 93,89,0,88,169
92: 169,87
93: 89,91
94: 100,95,468,96
95: 94,100,468,25,96
96: 25,94,100,95,468
97: 8,98,28
98: 8,29,23,97
99: 24,440
100: 94,95,468,96
101: 
102: 103,108,107
103: 102,104,108,357
104: 103,108,105
105: 104,108,106
106: 107,108,105
107: 106,102,108
108: 102,103,104,106,107,105
109: 126,248
110: 
111: 136
112: 393
113: 393,114
114: 13,113
115: 116,394
116: 118,394,115
117: 394,13,393
118: 394,116
119: 125,120
120: 121,125,119
121: 122,125,120
122: 121,125
123: 124,454
124: 454,123
125: 121,122,120,119
126: 109,243,6,247,248
127: 128,133,459
128: 127,133,459
129: 131,216,132
130: 
131: 129,216,420,215
132: 338,129
133: 459,128,127
134: 2
135: 
136: 111,10
137: 
138: 150
139: 145,140,144,448,143
140: 139,143
141: 7,333,476,334,151,382
142: 146,383
143: 146,448,139,140
144: 150,448,145,139
145: 139,144
146: 383,142,143
147: 151,382,37,148,149
148: 149,147
149: 148,147
150: 144,138
151: 147,382,476,334,141
152: 154
153: 
154: 152,156
155: 161,479,159,160
156: 12,154,312,157
157: 312,156,158
158: 294,157
159: 161,479,155,160
160: 161,479,159,155
161: 479,159,155,160
162: 163,168,167
163: 162,168
164: 466,205
165: 378,375,381,376
166: 167,168
167: 166,162,168
168: 162,163,166,167
169: 87,92,0,91
170: 171,176,482,174,175
171: 170,176,482,174,175
172: 13
173: 
174: 175,171,170,176,482
175: 174,171,170,176,482
176: 482,171,170,174,175
177: 182,183,178
178: 183,179,177
179: 180,183,178
180: 181,183,179
181: 180,183,182
182: 177,181,183
183: 180,181,179,177,182,178
184: 185,189
185: 186,184
186: 185
187: 188,190,4
188: 190,187,270
189: 184
190: 188,187
191: 196,197,192
192: 191,197,193
193: 194,197,192
194: 195,197,193
195: 194,196,197
196: 195,197,191
197: 194,195,196,191,192,193
198: 1
199: 202
200: 
201: 452,204
202: 199
203: 
204: 201,452
205: 466,164
206: 211,210,27,85,207
207: 85,206,212,63
208: 63,212
209: 82,81
210: 27,211,206
211: 206,210
212: 462,78,207,208
213: 219,261,460
214: 3,465,216,215,261,444,460,218
215: 261,444,420,414,131,216,214
216: 131,129,215,444,218,214
217: 258,257,415
218: 338,416,216,3,257,214,465
219: 418,213,259
220: 225,365,221
221: 222,220
222: 221,226
223: 226
224: 365,5
225: 220,365
226: 222,223
227: 228,233,232
228: 227,229,233
229: 228,233,230
230: 231,229,233
231: 232,230,233
232: 231,227,233
233: 227,228,229,230,231,232
234: 
235: 236,241,240
236: 235,237,241
237: 236,241,238
238: 239,237,241
239: 238,240,241
240: 239,235,241
241: 235,236,237,239,238,240
242: 6,247,246
243: 126,244,245
244: 245,243
245: 244,246,247,243
246: 245,242,247
247: 6,242,246,245,126
248: 109,126
249: 254,255,250
250: 251,249,255
251: 250,255,252
252: 253,255,251
253: 254,255,252
254: 249,253,255
255: 249,253,254,250,251,252
256: 
257: 3,461,416,218,415,217,258
258: 217,3,257,461,79,419
259: 79,460,418,219,262,461
260: 419
261: 215,444,460,213,214,262,465
262: 3,465,461,261,460,259,79
263: 264,269,268
264: 263,265,269
265: 264,269,266
266: 267,265,269
267: 266,268,269
268: 267,263,269
269: 263,264,265,266,267,268
270: 188
271: 4,276
272: 273
273: 274,272
274: 273
275: 276
276: 4,271,275
277: 278,282,283
278: 279,277,283
279: 278,280,283
280: 281,283,279
281: 280,282,283
282: 281,283,277
283: 280,281,282,277,278,279
284: 333
285: 
286: 292,291
287: 292
288: 289,451,290
289: 451,290,288
290: 289,451,288
291: 286,292
292: 286,287,291
293: 374,14,372,373
294: 12,158
295: 
296: 301,297,302
297: 298,296,302
298: 297,299,302
299: 300,302,298
300: 299,302,301
301: 296,300,302
302: 299,300,296,301,297,298
303: 
304: 309
305: 376
306: 11,307,441,484,310,376
307: 11,441,484,310,306
308: 378,375,379,484
309: 304
310: 11,307,441,306
311: 
312: 157,156
313: 318,314,319
314: 315,319,313
315: 314,316,319
316: 315,319,317
317: 318,316,319
318: 317,319,313
319: 314,315,316,317,318,313
320: 
321: 
322: 327
323: 
324: 325,330,329
325: 324,330,326
326: 330,327,325
327: 330,326,328,322
328: 330,327,329
329: 330,328,324
330: 326,327,328,329,324,325
331: 453,337,336,332
332: 483,331
333: 284,476,334,141
334: 333,476,141,151
335: 
336: 453,337,331
337: 453,336,331
338: 132,416,218
339: 344,345,340
340: 341,339,345
341: 342,340,345
342: 341,345,343
343: 342,344,345
344: 339,345,343
345: 339,344,340,341,342,343
346: 347,352,351
347: 346,348,352
348: 347,352,349
349: 350,348,352
350: 349,351,352
351: 350,346,352
352: 346,347,348,349,350,351
353: 
354: 480,355
355: 480,354
356: 357,360
357: 358,360,356,103
358: 357,360,359
359: 358
360: 357,358,356
361: 366,367,362
362: 363,361,367
363: 364,367,362
364: 363,367
365: 224,225,220,5
366: 361,367
367: 361,366,363,364,362
368: 371
369: 14,62
370: 
371: 368
372: 14,293
373: 374,293
374: 293,373
375: 308,165,11,441,484,376
376: 305,11,375,165,306
377: 
378: 308,165,380,381
379: 308
380: 381,378
381: 380,378,165
382: 147,151,37,7,141
383: 146,142,37
384: 385,388
385: 384,388,386
386: 385,388
387: 481
388: 384,385,386
389: 390,395
390: 389,391,395
391: 429,390
392: 429
393: 112,113,117,13
394: 117,118,116,115
395: 429,390,389
396: 
397: 
398: 
399: 
400: 405,406,401
401: 400,406
402: 445
403: 404,406
404: 403,405,406
405: 400,406,404
406: 400,405,401,403,404
407: 412,408,413
408: 413,407,409
409: 410,408,413
410: 409,411,413
411: 412,413,410
412: 407,411,413
413: 408,407,412,411,409,410
414: 420,215
415: 416,257,217
416: 338,218,257,415
417: 477
418: 219,259
419: 79,260,258
420: 414,131,215
421: 487
422: 423,427,428
423: 422,428,424
424: 425,428,423
425: 424,426,428
426: 427,428,425
427: 426,428,422
428: 426,427,424,425,422,423
429: 391,395,392
430: 9,466
431: 436,449,437
432: 433
433: 434,432
434: 433
435: 475
436: 449,431,437
437: 436,449,431
438: 
439: 
440: 456,99,24
441: 11,307,484,310,375,306
442: 
443: 
444: 215,261,460,216,214
445: 402
446: 
447: 
448: 144,139,143
449: 436,431,437
450: 
451: 289,290,288
452: 201,204
453: 337,336,331
454: 124,123
455: 26,63,81
456: 440,24
457: 463
458: 
459: 133,128,127
460: 261,444,213,214,262,465,461,259
461: 3,257,262,465,460,259,79,258
462: 212,78
463: 457
464: 
465: 3,214,262,461,261,460,218,79
466: 164,205,430
467: 
468: 94,100,95,25,96
469: 
470: 
471: 44,43
472: 
473: 
474: 
475: 435
476: 333,334,141,151
477: 417
478: 
479: 161,159,155,160
480: 354,355
481: 387
482: 176,171,170,174,175
483: 332
484: 11,307,441,308,375,306
485: 
486: 
487: 421
488: 