0: 
1: 
2: 
3: 
4: 
5: 
6: 
7: 
8: 
9: 
10: 
11: 
12: 
13: 
14: 
15: 
16: 90,478
17: 18
18: 90,17,20
19: 443,22,20
20: 22,443,19,18
21: 22,92
22: 21,20,443,19
23: 456,28,29
24: 25,96
25: 24
26: 83,8,84
27: 210,206,85
28: 456,29,23
29: 456,28,23,86
30: 31,36,35
31: 30,32,36
32: 31,36,33
33: 34,32,36
34: 33,36,35
35: 30,36,34
36: 30,31,32,35,33,34
37: 
38: 
39: 40,45,44
40: 39,45,41
41: 42,40,45
42: 43,45,41
43: 44,42,45
44: 43,39,45
45: 39,40,43,44,42,41
46: 51,52,47
47: 48,46,52
48: 47,52,49
49: 48,50,52
50: 51,52,49
51: 46,50,52
52: 46,50,51,47,48,49
53: 54,59,58
54: 53,59,55
55: 56,54,59
56: 55,59,57
57: 56,59,58
58: 53,59,57
59: 53,54,55,56,57,58
60: 9
61: 
62: 14,369
63: 85,83,81,462
64: 69,70,65
65: 70,66,64
66: 67,70,65
67: 66,68,70
68: 69,70,67
69: 68,70,64
70: 68,69,66,67,64,65
71: 72,77,76
72: 71,73,77
73: 72,77,74
74: 75,73,77
75: 74,76,77
76: 71,77,75
77: 71,72,73,76,74,75
78: 
79: 
80: 
81: 83,63,209,82
82: 209,81
83: 81,26,63
84: 86,8,26
85: 207,63,8,27,206
86: 84,456,29
87: 92,91,93
88: 93,467,90,478
89: 93,467
90: 18,16,88,478
91: 92,87,0,93
92: 87,91,0,21
93: 467,88,89,87,91
94: 95,100,99
95: 94,96
96: 95,100,24
97: 98,455
98: 97,455
99: 94,100
100: 94,96,99
101: 
102: 103,108,107
103: 102,104,108
104: 103,108,105
105: 104,108,106
106: 107,108,105
107: 106,102,108
108: 102,103,104,106,107,105
109: 243,247,248
110: 
111: 136
112: 113,118
113: 112,118,13,114
114: 13,113
115: 116
116: 115,118
117: 
118: 13,116,112,113
119: 125,120,124
120: 121,125,119
121: 122,125,120
122: 121,125,123
123: 124,122,125
124: 123,125,119
125: 121,122,120,123,124,119
126: 470,480
127: 128,133
128: 127,133
129: 414,420,217,444,216,461
130: 
131: 420,132
132: 338,131
133: 127,128
134: 2
135: 
136: 111,10
137: 
138: 150,144
139: 7,144,146,140
140: 146,139
141: 7
142: 143,147,146
143: 147,142,7,151,146
144: 150,139,138,145
145: 144
146: 140,139,143,142
147: 143,142,149
148: 151,149
149: 148,147
150: 144,138
151: 148,7,143
152: 12
153: 
154: 12,312
155: 161,159,160,479
156: 464
157: 158,457
158: 157,457
159: 160,479,161,155
160: 159,479,161,155
161: 155,159,160,479
162: 163,168,167
163: 162,168
164: 466
165: 447
166: 167,168
167: 166,162,168
168: 162,163,166,167
169: 473
170: 176,171,482,174,175
171: 176,482,174,170,175
172: 173,13,474
173: 172,474
174: 176,171,482,170,175
175: 176,171,482,174,170
176: 171,482,174,170,175
177: 182,183,178
178: 183,179,177
179: 180,183,178
180: 181,183,179
181: 180,183,182
182: 177,181,183
183: 180,181,179,177,182,178
184: 185,189
185: 186,184
186: 185
187: 485,188,190
188: 485,187,190
189: 184
190: 485,188,187
191: 196,197,192
192: 191,197,193
193: 194,197,192
194: 195,197,193
195: 194,196,197
196: 195,197,191
197: 194,195,196,191,192,193
198: 203,452,202
199: 458
200: 204
201: 204
202: 452,198,203
203: 198,452,202
204: 201,200
205: 450
206: 211,210,27,85,207
207: 85,206,208,462
208: 462,207,212
209: 82,81
210: 27,211,206
211: 206,210
212: 208,462
213: 214
214: 213,460
215: 477,444,219,216,217
216: 477,215,444,219,414,129,217
217: 129,215,444,219,216,418
218: 418,419
219: 477,215,444,216,217,418
220: 225,224,481,365,221,5
221: 222,220
222: 221,226
223: 
224: 481,365,220,5
225: 220,481,365
226: 222,5
227: 228,233,232
228: 227,229,233
229: 228,233,230
230: 231,229,233
231: 232,230,233
232: 231,227,233
233: 227,228,229,230,231,232
234: 
235: 236,241,240
236: 235,237,241
237: 236,241,238
238: 239,237,241
239: 238,240,241
240: 239,235,241
241: 235,236,237,239,238,240
242: 6,246
243: 109,244,245,247
244: 245,243
245: 244,246,247,243
246: 245,242
247: 6,245,109,243,248
248: 247,109
249: 254,255,250
250: 251,249,255
251: 250,255,252
252: 253,255,251
253: 254,255,252
254: 249,253,255
255: 249,253,254,250,251,252
256: 257,261,465
257: 261,262,465,258
258: 259,257,262,465
259: 258
260: 415,3,419
261: 257,262,465
262: 257,261,465,258
263: 264,269,268
264: 263,265,269
265: 264,269,266
266: 267,265,269
267: 266,268,269
268: 267,263,269
269: 263,264,265,266,267,268
270: 275
271: 4,276
272: 273
273: 274,272
274: 273
275: 276,270
276: 4,271,275
277: 278,282,283
278: 279,277,283
279: 278,280,283
280: 281,283,279
281: 280,282,283
282: 281,283,277
283: 280,281,282,277,278,279
284: 483
285: 
286: 287,292,291
287: 286,292,288
288: 289,287,292
289: 288,290,292
290: 289,292,291
291: 286,292,290
292: 286,287,291,288,289,290
293: 446
294: 463
295: 
296: 301,297,302
297: 298,296,302
298: 297,299,302
299: 300,302,298
300: 299,302,301
301: 296,300,302
302: 299,300,296,301,297,298
303: 
304: 309
305: 310,439,306
306: 441,307,305,310,439
307: 441,306,310
308: 11,377,484
309: 304
310: 305,439,441,307,306
311: 
312: 154
313: 318,314,319
314: 315,319,313
315: 314,316,319
316: 315,319,317
317: 318,316,319
318: 317,319,313
319: 314,315,316,317,318,313
320: 
321: 
322: 327
323: 
324: 325,330,329
325: 324,330,326
326: 330,327,325
327: 330,326,328,322
328: 330,327,329
329: 330,328,324
330: 326,327,328,329,324,325
331: 336,337,332
332: 331,337,333
333: 334,337,332
334: 333,337,335
335: 336,337,334
336: 331,337,335
337: 331,336,335,332,333,334
338: 132,416
339: 344,345,340
340: 341,339,345
341: 342,340,345
342: 341,345,343
343: 342,344,345
344: 339,345,343
345: 339,344,340,341,342,343
346: 347,352,351
347: 346,348,352
348: 347,352,349
349: 350,348,352
350: 349,351,352
351: 350,346,352
352: 346,347,348,349,350,351
353: 
354: 355,359,360
355: 354,360,356
356: 355,357,360
357: 358,360,356
358: 357,359,360
359: 358,360,354
360: 357,358,359,354,355,356
361: 366,367,362
362: 363,361,367
363: 364,367,362
364: 363,367
365: 224,481,225,220
366: 361,367
367: 361,366,363,364,362
368: 373,371
369: 14,62
370: 
371: 368
372: 374,373,14
373: 374,372,14,368
374: 372,373,446
375: 380,442,381
376: 11,377
377: 484,308,376
378: 486,379
379: 486,378
380: 375,442,381
381: 442,380,375
382: 469,383
383: 469,382
384: 385,388
385: 384,388,386
386: 387,385,388
387: 388,386
388: 384,385,387,386
389: 390,395
390: 389,391,395
391: 429,390
392: 429
393: 488,394
394: 488,393
395: 429,390,389
396: 
397: 
398: 
399: 
400: 405,406,401
401: 400,406,402
402: 401,406,403
403: 404,406,402
404: 403,405,406
405: 400,406,404
406: 400,405,401,402,403,404
407: 412,408,413
408: 413,407,409
409: 410,408,413
410: 409,411,413
411: 412,413,410
412: 407,411,413
413: 408,407,412,411,409,410
414: 420,129,216
415: 260,416,3
416: 338,3,415
417: 
418: 218,217,444,219,419
419: 3,461,218,418,260
420: 414,129,131
421: 
422: 423,427,428
423: 422,428,424
424: 425,428,423
425: 424,426,428
426: 427,428,425
427: 426,428,422
428: 426,427,424,425,422,423
429: 391,395,392
430: 9
431: 449,437,436
432: 433
433: 434,432
434: 433,435
435: 434,437
436: 437,449,431
437: 449,431,435,436
438: 
439: 305,310,441,306
440: 4
441: 307,306,310,439
442: 381,380,375
443: 19,22,20
444: 477,215,219,216,129,217,418
445: 
446: 374,293
447: 165
448: 
449: 431,437,436
450: 205
451: 
452: 202,198,203
453: 
454: 
455: 98,97
456: 28,29,23,86
457: 157,158
458: 199
459: 
460: 214
461: 3,419,129
462: 208,207,63,212
463: 294
464: 156
465: 257,261,262,258
466: 164
467: 93,88,89,478
468: 
469: 382,383
470: 126,480
471: 
472: 
473: 169
474: 13,173,172
475: 
476: 
477: 215,444,219,216
478: 90,16,467,88
479: 159,160,161,155
480: 470,126
481: 224,365,225,220,5
482: 176,171,174,170,175
483: 284
484: 11,377,308
485: 188,187,190
486: 378,379
487: 
488: 394,393